7965.04
7978.99
7906.25
7902.27
7802.62
7580.42
7647.18
7732.13
7784.69
7691.77
7753.55
7873.12
7794.40
7730.88
7700.74
7712.94
7815.08
7915.47
7973.02
7906.50
8107.78
8160.35
8129.71
8117.25
8189.49
8180.52
8295.61
8314.55
8369.60
8370.10
8398.50
8451.06
8375.58
8413.94
8410.20
8370.10
8457.78
8490.67
8545.72
8550.45
8584.83
8539.24
8444.33
8569.39
8567.14
8643.12
8675.75
8659.56
8602.52
8718.85
8749.99
8775.40
8803.05
8906.43
8816.25
8904.44
8872.80
8846.89
8796.08
8782.12
8799.81
8868.32
8986.64
8983.41
9033.23
8956.50
8891.48
8994.86
9012.30
9110.20
9162.27
9076.57
9167.50
9141.84
9184.94
9176.72
9143.33
9064.62
8917.64
8898.96
8951.52
9063.37
9147.07
9192.66
9147.57
9054.65
8976.68
9055.15
9091.52
9161.77
9211.84
9172.23
9096.00
9050.91
9054.65
9171.48
9132.37
9114.44
8963.73
8936.57
8970.20
8899.95
8922.37
8891.24
8803.80
8870.56
9037.71
9069.60
9049.92
8971.70
8811.77
8834.94
8627.93
8665.29
8829.46
8813.01
8712.87
8711.13
8828.46
8923.87
8935.58
8944.54
8997.36
8952.02
9048.67
9025.26
9091.77
9085.04
9174.97
9089.78
9105.74
9096.21
9245.54
9234.47
9328.19
9337.97
9295.75
9190.19
9128.91
8932.98
8937.36
9028.24
8934.78
8914.96
9026.95
8883.29
8786.74
8487.31
8546.78
8577.68
8598.02
8574.85
8462.85
8552.96
8459.50
8425.00
8574.85
8714.65
8693.28
8611.41
8533.65
8566.61
8602.65
8523.35
8165.99
8051.68
7539.07
7827.43
7782.37
7682.22
7640.25
8020.78
7865.02
7615.54
7795.50
7945.35
8024.39
8089.78
7873.77
7895.66
7933.25
7897.20
8154.41
8001.99
8028.77
8108.84
8080.52
7842.62
7632.53
7784.69
7726.24
7742.98
7741.69
7731.91
7899.52
8001.47
7938.14
7968.78
8299.36
8416.76
8466.45
8505.85
8519.23
8533.14
8452.29
8432.21
8366.04
8371.97
8495.03
8592.10
8706.15
8706.15
8783.14
8915.47
8975.46
8897.96
8863.98
8823.82
8829.74
8919.59
9011.25
8986.28
9041.11
9056.05
9159.55
9374.27
9301.15
9314.28
9333.08
9116.55
9133.54
9064.54
8879.68
9016.14
9070.47
9027.98
9009.19
8841.58
8821.76
8695.60
8823.30
8790.60
8875.82
8903.63
8988.85
9044.46
9202.03
9217.99
9226.75
9320.98
9274.64
9181.43
9184.27
9311.19
9544.97
9537.76
9643.32
9619.89
9474.68
9349.56
9120.93
9340.55
9355.22
9335.91
9264.08
9120.67
9203.32
9324.58
9200.23
9281.33
9358.83
9345.70
9274.12
9366.81
9304.50
9304.24
9291.11
9133.03
9177.31
9363.46
9274.89
9297.03
9195.47
9298.63
9339.95
9552.68
9544.42
9399.67
9366.34
9306.58
9324.78
9297.61
9275.88
9467.40
9736.08
9727.61
9693.76
9772.84
9897.44
9876.35
9958.77
9930.47
9879.41
9997.62
9903.55
9890.51
9671.83
9666.84
9836.39
9822.24
10006.80
9913.26
9786.16
9832.51
10007.30
9963.49
10085.30
10197.70
10173.80
10339.50
10395.00
10411.70
10462.70
10493.90
10440.50
10448.60
10581.40
10727.20
10689.70
10718.60
10831.70
10845.50
10878.38
10789.04
11014.69
10886.11
10955.41
10946.82
11031.59
11007.25
11026.15
11000.37
11107.19
10913.32
10853.47
10836.95
10887.39
10866.74
10829.28
10654.67
10531.09
10702.16
10466.93
10559.74
10596.26
10577.89
10663.69
10799.84
10909.38
10765.64
10690.29
10621.27
10490.51
10563.33
10594.99
10784.95
10841.63
10855.56
10815.98
10721.63
10666.86
10534.83
10552.56
10655.15
10815.35
10970.80
11066.42
11139.24
11135.12
11187.36
11126.89
11193.70
11200.98
11175.02
11148.10
11186.41
11209.84
11187.68
10996.13
11002.78
10969.22
10910.96
10863.16
10979.04
10972.07
10791.29
10655.15
10645.96
10677.31
10674.77
10793.82
10714.03
10707.70
10655.15
10787.80
10789.39
10973.65
11046.79
11117.08
10991.38
10963.84
11100.61
11299.76
11283.30
11326.04
11198.45
11090.17
10914.13
10829.28
10937.88
10843.21
11078.45
11034.13
11036.34
11079.40
11028.43
11030.33
10910.33
10801.42
10737.46
10803.63
10823.90
10598.47
10524.07
10318.59
10279.33
10303.39
10275.53
10213.48
10336.95
10273.00
10401.23
10400.59
10588.34
10537.05
10649.76
10648.18
10417.06
10232.16
10286.61
10019.71
10116.28
10204.93
10392.36
10297.69
10470.25
10349.93
10302.13
10394.89
10622.53
10729.86
10648.51
10581.84
10609.06
10639.64
10704.48
10718.85
10617.32
10597.74
10595.30
10769.32
10760.75
10932.33
10883.09
11035.70
11003.89
11089.52
10995.63
11008.17
10988.91
10947.92
10877.81
10998.39
11039.06
11286.18
11225.01
11106.65
11068.12
11134.79
11224.70
11192.59
11160.17
11225.32
11244.89
11257.43
11144.27
11200.54
11203.60
11405.76
11391.08
11476.71
11484.66
11452.86
11497.12
11357.51
10997.93
11122.65
11253.26
11522.56
11572.20
11511.08
11551.10
11582.43
11722.98
11560.72
11489.36
11351.30
11251.71
11008.17
11029.89
11032.99
11028.02
10738.87
10940.53
11041.05
11003.20
11013.44
10963.80
10905.79
10957.60
10699.16
10643.63
10425.21
10519.84
10718.09
10561.41
10514.57
10219.52
10304.84
10225.73
10092.63
9862.12
10038.65
10128.31
10137.93
10164.92
10367.20
10170.50
9796.03
9856.53
10010.73
9928.82
9947.13
9811.24
10131.41
10630.60
10595.23
10680.24
10907.34
10866.70
11119.86
11112.72
11025.85
10936.11
11018.72
10980.25
10921.92
11221.93
11164.84
11033.92
11114.27
11111.48
11186.56
11287.08
11125.13
10923.55
10305.77
10582.51
10767.42
10674.96
10844.05
10906.10
11124.82
10945.50
10888.10
10733.91
10811.78
10731.12
10480.13
10412.49
10577.86
10603.63
10536.75
10367.78
10545.97
10609.37
10807.78
10934.57
10769.74
10777.28
10626.85
10542.55
10422.27
10535.35
10323.92
10299.24
10527.13
10522.33
10652.20
10794.76
10815.30
10735.57
10812.86
10668.72
10614.06
10564.21
10621.84
10687.95
10714.82
10449.30
10557.84
10435.16
10497.74
10376.12
10404.75
10542.99
10504.46
10527.79
10398.04
10447.89
10560.67
10483.60
10481.47
10635.98
10646.58
10727.19
10783.41
10788.71
10812.75
10804.27
10739.92
10696.08
10843.87
10733.56
10685.12
10699.97
10516.48
10586.13
10511.17
10521.98
10606.95
10687.53
10706.58
10767.75
10867.01
10976.89
10905.83
10908.76
11027.80
11176.14
11067.00
11008.39
11055.64
11046.48
11079.81
11139.15
11144.65
11182.74
11192.63
11252.84
11215.10
11103.01
11215.10
11238.78
11260.61
11310.64
11259.87
11220.65
11195.49
11233.23
11182.18
11087.47
10927.00
10808.52
10789.29
10687.92
10765.52
10847.37
10808.15
10631.32
10628.36
10824.06
10650.92
10700.13
10719.74
10784.48
10724.92
10596.54
10700.13
10524.40
10413.79
10034.58
10192.18
10238.80
10089.71
9975.02
10142.98
10226.59
10271.72
10393.07
10326.48
10380.12
10590.62
10835.77
10971.14
10899.47
10880.51
10817.95
10977.21
10952.18
10907.06
10834.25
10602.95
10517.25
10681.06
10707.60
10656.03
10629.87
10462.65
10494.50
10399.32
10470.23
10546.07
10507.58
10629.11
10414.49
10373.54
10560.10
10898.72
10664.38
10617.36
10712.91
10725.80
10768.27
10794.44
10674.99
10434.96
10645.42
10584.37
10318.93
10487.29
10635.56
10692.44
10803.16
10868.76
10786.85
10646.15
10945.75
10912.41
10662.01
10621.35
10572.55
10604.27
10609.55
10525.38
10652.66
10584.34
10678.28
10587.59
10578.24
10649.81
10646.97
10729.52
10659.98
10702.19
10881.20
10887.36
10983.63
10864.10
10965.85
10957.42
10946.72
10880.55
10781.45
10946.77
10903.32
10795.41
10891.02
10799.82
10730.88
10526.58
10526.81
10441.90
10642.53
10636.88
10495.28
10450.14
10466.31
10562.30
10591.22
10729.60
10858.25
10644.62
10208.25
10290.80
9973.46
10031.28
9823.41
9959.11
9720.76
9487.00
9389.48
9504.78
9687.53
9947.54
9785.35
9799.06
9878.78
9777.93
9485.71
9515.42
9918.50
9791.09
9845.15
10102.74
10013.47
10126.94
10158.56
10216.73
10615.83
10693.71
10579.85
10532.23
10454.34
10625.20
10692.35
10810.05
10734.97
10898.34
10876.68
10796.65
10951.24
10935.17
10888.51
10866.98
10910.44
10821.31
10877.33
10872.97
11215.92
11248.58
11301.74
11337.92
11257.24
11105.51
11122.42
11005.37
11039.14
10872.64
10911.94
10990.41
11061.52
11175.84
11070.24
11090.74
10977.00
10922.09
10948.38
10871.62
10690.13
10623.64
10645.38
10596.67
10647.33
10715.43
10604.59
10504.22
10472.48
10434.84
10566.21
10502.40
10593.72
10571.11
10479.86
10252.68
10299.40
10175.64
10241.02
10478.99
10539.06
10472.12
10606.39
10569.83
10610.00
10576.65
10424.42
10241.12
10405.67
10455.63
10416.67
10401.72
10522.81
10510.01
10551.18
10512.78
10401.31
10458.74
10293.50
10298.42
10416.25
10415.91
10412.17
10345.95
10392.52
10240.78
10320.07
10174.14
10276.90
10229.15
10423.17
10382.35
10229.03
10090.90
9919.58
9949.75
9997.49
10033.27
9840.84
9605.85
9605.51
8920.70
8903.40
8759.13
8376.21
8235.81
8603.86
8659.97
8567.39
8681.42
8847.56
8836.83
8950.59
9123.79
9060.88
9119.77
9067.94
9052.44
9240.86
9410.45
9344.16
9347.62
9384.23
9232.97
9163.22
9204.11
9377.03
9340.08
9345.62
9462.90
9545.17
9269.50
9121.98
9075.14
9263.90
9323.54
9441.03
9591.12
9554.37
9587.52
9607.49
9554.37
9750.95
9823.61
9872.39
9866.99
9976.46
9901.38
9834.68
9959.71
9982.75
9872.60
9711.86
9829.42
9851.56
9763.96
9893.84
10114.29
10099.14
10049.46
9921.45
9888.37
9894.81
9766.45
9811.15
9891.97
9998.39
10070.49
9985.18
10035.34
10035.34
10088.14
10131.31
10136.99
10021.50
10073.40
10172.14
10259.74
10197.05
10150.55
10094.09
10067.86
9987.53
9891.42
9924.15
9712.27
9850.04
9771.85
9713.80
9730.96
9796.07
9840.08
9865.75
9618.24
9762.86
9920.00
9907.26
9687.09
9685.43
9653.39
9625.44
9744.24
9884.78
9863.74
9989.67
9911.99
9903.04
9745.14
9941.17
9834.68
9968.15
10145.71
10115.26
10127.58
10106.13
10368.86
10586.82
10433.41
10574.29
10525.37
10572.49
10611.24
10632.35
10501.85
10517.14
10607.23
10577.75
10635.25
10501.57
10479.84
10427.67
10281.67
10353.36
10426.91
10403.94
10362.70
10313.71
10198.29
10235.17
10271.64
10249.08
10208.67
10381.73
10176.08
10190.82
10093.67
10301.32
10220.78
10205.28
10257.11
10136.43
10089.24
10030.43
10035.06
9910.72
9819.87
9946.22
10059.63
10091.87
10006.63
9808.04
9836.55
10141.83
10037.42
9939.92
10109.66
10298.14
10243.68
10289.21
10353.08
10229.50
10105.71
10157.88
10216.08
10104.26
9981.59
9923.04
9911.69
9925.25
9709.79
9687.84
9796.80
9624.64
9589.67
9645.40
9517.26
9617.71
9502.80
9474.21
9687.42
9706.12
9561.57
9431.77
9253.79
9281.82
9126.82
9120.11
9269.92
9243.26
9109.79
9007.75
9054.97
9379.50
9274.90
9096.09
8813.50
8801.53
8684.53
8639.19
8473.11
8542.48
8409.49
8019.26
7784.58
7702.34
8191.29
8186.31
8264.39
8711.88
8680.03
8736.59
8506.62
8313.13
8043.63
8274.09
8456.15
8712.02
8745.45
8688.89
8482.39
8743.31
8818.14
8778.06
8990.79
8872.07
8957.23
9053.64
8872.96
8919.01
8824.41
8694.09
8670.99
8663.50
8308.05
8425.12
8283.70
8427.20
8519.38
8602.61
8581.17
8379.41
8312.69
8380.18
8207.55
8172.45
7942.39
7986.02
7872.15
7683.13
7841.82
7997.12
7701.45
7591.93
7938.79
7755.61
7717.19
7528.40
7422.84
7501.49
7286.27
7533.95
7850.29
7877.40
8255.68
8036.03
8275.04
8322.40
8538.24
8450.16
8494.27
8317.34
8443.99
8368.04
8368.94
8427.41
8397.03
8517.64
8571.60
8678.27
8771.01
8586.24
8537.13
8358.95
8386.00
8398.49
8542.13
8579.09
8486.57
8474.78
8623.01
8845.15
8804.84
8849.40
8676.42
8931.68
8896.09
8862.57
8742.93
8737.85
8623.28
8645.77
8473.41
8574.26
8589.14
8538.40
8433.71
8627.40
8535.39
8447.35
8364.80
8511.32
8493.29
8448.11
8432.61
8303.78
8332.85
8341.63
8607.52
8601.69
8773.57
8740.59
8595.31
8776.18
8784.89
8785.98
8842.62
8723.18
8697.87
8586.74
8442.90
8318.73
8369.47
8131.01
7989.56
8088.84
8110.71
7945.13
8053.81
8109.82
8013.29
7985.18
7929.30
7864.23
7920.11
7843.11
7758.17
7749.87
7908.80
8041.15
8000.60
7914.96
8018.02
7858.24
7909.50
7806.98
7884.99
7891.08
7837.86
7704.87
7775.60
7673.99
7740.03
7568.18
7524.06
7552.07
7821.75
7859.71
8141.92
8194.23
8265.45
8286.60
8521.97
8214.68
8280.23
8229.88
8201.45
8145.77
7992.13
8069.86
8285.06
8240.38
8277.15
8300.41
8298.92
8197.94
8221.42
8203.41
8351.10
8402.36
8257.61
8337.65
8328.90
8484.99
8515.66
8440.04
8306.35
8471.61
8502.99
8480.09
8454.25
8582.68
8531.57
8560.63
8491.85
8604.60
8726.73
8679.25
8647.82
8713.14
8678.97
8493.39
8491.36
8516.43
8594.02
8601.38
8781.35
8793.12
8711.18
8850.26
8897.81
8922.95
9038.98
9041.30
9062.79
8980.00
9054.89
9183.22
9196.55
9117.12
9318.96
9323.02
9293.80
9179.53
9200.75
9072.95
9109.85
9011.53
9079.04
8989.05
8989.05
8985.44
9040.95
9142.84
9070.21
9216.79
9223.09
9156.21
9036.04
9119.59
9177.15
9128.97
9094.59
9050.82
9188.15
9096.69
9158.45
9194.24
9112.51
9284.57
9266.51
9204.46
9200.05
9233.80
9153.97
9186.04
9036.32
9061.74
9126.45
9191.09
9217.35
9310.06
9271.76
9310.56
9321.69
9412.45
9428.90
9397.51
9423.68
9348.87
9317.64
9340.45
