5.00
11.00
16.00
23.00
36.00
58.00
29.00
20.00
10.00
8.00
3.00
0.00
0.00
2.00
11.00
27.00
47.00
63.00
60.00
39.00
28.00
26.00
22.00
11.00
21.00
40.00
78.00
122.00
103.00
73.00
47.00
35.00
11.00
5.00
16.00
34.00
70.00
81.00
111.00
101.00
73.00
40.00
20.00
16.00
5.00
11.00
22.00
40.00
60.00
80.90
83.40
47.70
47.80
30.70
12.20
9.60
10.20
32.40
47.60
54.00
62.90
85.90
61.20
45.10
36.40
20.90
11.40
37.80
69.80
106.10
100.80
81.60
66.50
34.80
30.60
7.00
19.80
92.50
154.40
125.90
84.80
68.10
38.50
22.80
10.20
24.10
82.90
132.00
130.90
118.10
89.90
66.60
60.00
46.90
41.00
21.30
16.00
6.40
4.10
6.80
14.50
34.00
45.00
43.10
47.50
42.20
28.10
10.10
8.10
2.50
0.00
1.40
5.00
12.20
13.90
35.40
45.80
41.10
30.10
23.90
15.60
6.60
4.00
1.80
8.50
16.60
36.30
49.60
64.20
67.00
70.90
47.80
27.50
8.50
13.20
56.90
121.50
138.30
103.20
85.70
64.60
36.70
24.20
10.70